Unscaled Power Flow Results
	Load:
name                   MV1.101 Load 2
bus                                 4
p_mw                             0.08
q_mvar                         0.0316
const_z_percent                   0.0
const_i_percent                   0.0
sn_mva                       0.086022
scaling                           1.0
in_service                       True
type                              NaN
max_p_mw                          NaN
min_p_mw                          NaN
max_q_mvar                        NaN
profile                     lv_rural1
min_q_mvar                        NaN
voltLvl                             5
subnet             MV1.101_LV1.101_eq
Name: 1, dtype: object

	Results
       vm_pu  va_degree      p_mw    q_mvar
0   1.025000   0.000000  8.088519 -5.211553
1   1.025000   0.000000  0.000000  0.000000
2   1.013663   1.095404 -1.770000  0.090900
3   1.013663   1.095404  0.000000  0.000000
4   1.014625   1.125712 -0.080000  0.031600
5   1.015407   1.150176 -0.080000  0.031600
6   1.016016   1.169106 -0.080000  0.031600
7   1.012252   1.215584 -0.080000  0.031600
8   1.012161   1.218489  0.057000  0.079800
9   1.012004   1.223238  0.057000  0.079800
10  1.011719   1.231070  0.057000  0.079800
11  1.011651   1.232744  0.057000  0.079800
12  1.011585   1.233919  0.141000  0.130800
13  1.011952   1.225300  0.057000  0.079800
14  1.043586   1.949333 -2.000000  0.000000
15  1.044621   1.981576 -1.350000  0.138300
16  1.013569   1.104016  0.057000  0.079800
17  1.013544   1.107248  0.141000  0.130800
18  1.013551   1.111088  0.057000  0.079800
19  1.013726   1.169130 -0.080000  0.031600
20  1.013739   1.221010 -0.080000  0.031600
21  1.013746   1.225907 -0.080000  0.031600
22  1.013711   1.228693 -0.080000  0.031600
23  1.013681   1.229228  0.057000  0.079800
24  1.013632   1.228848  0.057000  0.079800
25  1.019628   1.234966 -0.080000  0.031600
26  1.022932   1.314338 -1.943000  0.079800
27  1.023209   1.369736  0.190000  0.138300
28  1.024964   1.428215 -0.275000  0.031600
29  1.023478   1.385032 -0.080000  0.031600
30  1.013499   1.099289 -0.080000  0.031600
31  1.012620   1.115409  0.057000  0.079800
32  1.012497   1.117740  0.057000  0.079800
33  1.012408   1.119287  0.057000  0.079800
34  1.012303   1.120908  0.057000  0.079800
35  1.011981   1.125616  0.057000  0.079800
36  1.011679   1.130438  0.057000  0.079800
37  1.011586   1.132779  0.057000  0.079800
38  1.011518   1.133950  0.057000  0.079800
39  1.011492   1.133691  0.057000  0.079800
40  1.020406   1.314582 -0.080000  0.031600
41  1.021351   1.343765 -0.205000  0.031600
42  1.031229   1.635378  0.057000  0.079800
43  1.032029   1.648013 -0.080000  0.031600
44  1.035601   1.708459 -0.465000  0.031600
45  1.036524   1.728013 -0.080000  0.031600
46  1.036753   1.732954 -0.360000  0.031600
47  1.036816   1.735087 -0.080000  0.031600
48  1.014362   1.210437 -0.080000  0.031600
49  1.015284   1.385607 -1.843000  0.079800
50  1.014026   1.443646  0.057000  0.079800
51  1.012165   1.535312  0.057000  0.079800
52  1.011676   1.560899  0.236500  0.096000
53  1.011518   1.572191  0.236500  0.096000
54  1.010983   1.574799  0.796500  0.317300
55  1.010606   1.578754  0.236500  0.096000
56  1.010414   1.581448  0.236500  0.096000
57  1.009757   1.594683  0.057000  0.079800
58  1.008541   1.620860 -0.080000  0.031600
59  1.007504   1.640412 -0.390000  0.031600
60  1.004818   1.660147  0.236500  0.096000
61  1.004395   1.665470 -0.113500  0.096000
62  1.004132   1.666873  0.057000  0.079800
63  1.003993   1.667351 -0.080000  0.031600
64  1.003326   1.667784  0.507000  0.257700
65  1.003080   1.668222  0.236500  0.096000
66  1.003017   1.668826  0.236500  0.096000
67  1.003016   1.669751  0.057000  0.079800
68  1.003034   1.670135 -0.080000  0.031600
69  1.012223   1.591012 -1.800000  0.000000
70  1.012253   1.592469 -0.080000  0.031600
71  1.011124   1.159402  0.057000  0.079800
72  1.007130   1.256097  0.141000  0.130800
73  1.007067   1.258748  0.236500  0.096000
74  1.007105   1.262671  0.141000  0.130800
75  1.007584   1.269928 -0.080000  0.031600
76  1.007796   1.273331 -0.080000  0.031600
77  1.007977   1.277262 -0.080000  0.031600
78  1.013489   1.105608  0.057000  0.079800
79  1.013295   1.117204  0.057000  0.079800
80  1.013097   1.129375  0.141000  0.130800
81  1.012898   1.143306  0.057000  0.079800
82  1.012721   1.156366  0.141000  0.130800
83  1.012567   1.170520  0.141000  0.130800
84  1.012455   1.185287  0.057000  0.079800
85  1.012361   1.200838  0.057000  0.079800
86  1.012309   1.213284  0.057000  0.079800
87  1.012278   1.229444 -0.080000  0.031600
88  1.011601   1.318150 -0.080000  0.031600
89  1.010261   1.432988 -0.080000  0.031600
90  1.009358   1.485267 -0.080000  0.031600
91  1.006614   1.593020 -0.080000  0.031600
92  1.006111   1.611881 -0.080000  0.031600
93  1.005814   1.620095  0.057000  0.079800
94  1.005631   1.624784  0.352000  0.196400
95  1.005629   1.627076  0.057000  0.079800
96  1.005661   1.628346 -0.080000  0.031600

Scaled Power Flow Results
	Load:
name                   MV1.101 Load 2
bus                                 4
p_mw                             0.08
q_mvar                         0.0316
const_z_percent                   0.0
const_i_percent                   0.0
sn_mva                       0.086022
scaling                           1.2
in_service                       True
type                              NaN
max_p_mw                          NaN
min_p_mw                          NaN
max_q_mvar                        NaN
profile                     lv_rural1
min_q_mvar                        NaN
voltLvl                             5
subnet             MV1.101_LV1.101_eq
Name: 1, dtype: object

	Results
       vm_pu  va_degree      p_mw   q_mvar
0   1.025000   0.000000  8.072557 -5.21748
1   1.025000   0.000000  0.000000  0.00000
2   1.013647   1.093336 -1.770000  0.09090
3   1.013647   1.093336  0.000000  0.00000
4   1.014603   1.123674 -0.064000  0.03792
5   1.015385   1.148139 -0.080000  0.03160
6   1.015995   1.167070 -0.080000  0.03160
7   1.012230   1.213551 -0.080000  0.03160
8   1.012139   1.216457  0.057000  0.07980
9   1.011982   1.221205  0.057000  0.07980
10  1.011698   1.229038  0.057000  0.07980
11  1.011630   1.230712  0.057000  0.07980
12  1.011563   1.231887  0.141000  0.13080
13  1.011930   1.223268  0.057000  0.07980
14  1.043565   1.947330 -2.000000  0.00000
15  1.044600   1.979574 -1.350000  0.13830
16  1.013553   1.101948  0.057000  0.07980
17  1.013528   1.105181  0.141000  0.13080
18  1.013535   1.109021  0.057000  0.07980
19  1.013710   1.167066 -0.080000  0.03160
20  1.013723   1.218948 -0.080000  0.03160
21  1.013730   1.223845 -0.080000  0.03160
22  1.013695   1.226631 -0.080000  0.03160
23  1.013665   1.227167  0.057000  0.07980
24  1.013616   1.226786  0.057000  0.07980
25  1.019612   1.232903 -0.080000  0.03160
26  1.022916   1.312278 -1.943000  0.07980
27  1.023193   1.367677  0.190000  0.13830
28  1.024948   1.426159 -0.275000  0.03160
29  1.023462   1.382974 -0.080000  0.03160
30  1.013483   1.097221 -0.080000  0.03160
31  1.012605   1.113342  0.057000  0.07980
32  1.012481   1.115674  0.057000  0.07980
33  1.012392   1.117221  0.057000  0.07980
34  1.012287   1.118841  0.057000  0.07980
35  1.011965   1.123550  0.057000  0.07980
36  1.011664   1.128373  0.057000  0.07980
37  1.011570   1.130714  0.057000  0.07980
38  1.011502   1.131885  0.057000  0.07980
39  1.011477   1.131625  0.057000  0.07980
40  1.020390   1.312523 -0.080000  0.03160
41  1.021336   1.341707 -0.205000  0.03160
42  1.031213   1.633332  0.057000  0.07980
43  1.032013   1.645968 -0.080000  0.03160
44  1.035586   1.706416 -0.465000  0.03160
45  1.036508   1.725971 -0.080000  0.03160
46  1.036738   1.730912 -0.360000  0.03160
47  1.036801   1.733046 -0.080000  0.03160
48  1.014346   1.208375 -0.080000  0.03160
49  1.015268   1.383551 -1.843000  0.07980
50  1.014010   1.441593  0.057000  0.07980
51  1.012149   1.533263  0.057000  0.07980
52  1.011660   1.558852  0.236500  0.09600
53  1.011502   1.570144  0.236500  0.09600
54  1.010967   1.572753  0.796500  0.31730
55  1.010590   1.576708  0.236500  0.09600
56  1.010398   1.579402  0.236500  0.09600
57  1.009741   1.592638  0.057000  0.07980
58  1.008525   1.618817 -0.080000  0.03160
59  1.007488   1.638369 -0.390000  0.03160
60  1.004802   1.658106  0.236500  0.09600
61  1.004379   1.663429 -0.113500  0.09600
62  1.004116   1.664832  0.057000  0.07980
63  1.003977   1.665311 -0.080000  0.03160
64  1.003310   1.665743  0.507000  0.25770
65  1.003064   1.666182  0.236500  0.09600
66  1.003001   1.666786  0.236500  0.09600
67  1.003000   1.667710  0.057000  0.07980
68  1.003018   1.668095 -0.080000  0.03160
69  1.012207   1.588966 -1.800000  0.00000
70  1.012237   1.590423 -0.080000  0.03160
71  1.011108   1.157337  0.057000  0.07980
72  1.007114   1.254038  0.141000  0.13080
73  1.007051   1.256689  0.236500  0.09600
74  1.007089   1.260613  0.141000  0.13080
75  1.007568   1.267870 -0.080000  0.03160
76  1.007780   1.271274 -0.080000  0.03160
77  1.007961   1.275205 -0.080000  0.03160
78  1.013473   1.103541  0.057000  0.07980
79  1.013279   1.115137  0.057000  0.07980
80  1.013081   1.127308  0.141000  0.13080
81  1.012882   1.141240  0.057000  0.07980
82  1.012705   1.154301  0.141000  0.13080
83  1.012551   1.168455  0.141000  0.13080
84  1.012439   1.183222  0.057000  0.07980
85  1.012345   1.198774  0.057000  0.07980
86  1.012294   1.211221  0.057000  0.07980
87  1.012262   1.227381 -0.080000  0.03160
88  1.011586   1.316090 -0.080000  0.03160
89  1.010245   1.430933 -0.080000  0.03160
90  1.009342   1.483214 -0.080000  0.03160
91  1.006598   1.590971 -0.080000  0.03160
92  1.006095   1.609833 -0.080000  0.03160
93  1.005798   1.618047  0.057000  0.07980
94  1.005615   1.622736  0.352000  0.19640
95  1.005613   1.625028  0.057000  0.07980
96  1.005645   1.626298 -0.080000  0.03160