      name  vn_kv type      zone  in_service
0    Bus 0  110.0    b  CIGRE_MV        True
1    Bus 1   20.0    b  CIGRE_MV        True
2    Bus 2   20.0    b  CIGRE_MV        True
3    Bus 3   20.0    b  CIGRE_MV        True
4    Bus 4   20.0    b  CIGRE_MV        True
5    Bus 5   20.0    b  CIGRE_MV        True
6    Bus 6   20.0    b  CIGRE_MV        True
7    Bus 7   20.0    b  CIGRE_MV        True
8    Bus 8   20.0    b  CIGRE_MV        True
9    Bus 9   20.0    b  CIGRE_MV        True
10  Bus 10   20.0    b  CIGRE_MV        True
11  Bus 11   20.0    b  CIGRE_MV        True
12  Bus 12   20.0    b  CIGRE_MV        True
13  Bus 13   20.0    b  CIGRE_MV        True
14  Bus 14   20.0    b  CIGRE_MV        True

 Switch - Status
   bus  element et type  closed  name  z_ohm  in_ka
0    6       12  l  LBS    True  None    0.0    NaN
1    7       12  l  LBS    True    S2    0.0    NaN
2    4       13  l  LBS    True    S3    0.0    NaN
3   11       13  l  LBS    True  None    0.0    NaN
4    8       14  l  LBS    True    S1    0.0    NaN
5   14       14  l  LBS    True  None    0.0    NaN
6    0        0  t   CB    True    F1    0.0    NaN
7    0        1  t   CB    True    F2    0.0    NaN

Bus_geodata
       x   y  coords
0    7.0  16     NaN
1    4.0  15     NaN
2    4.0  13     NaN
3    4.0  11     NaN
4    2.5   9     NaN
5    1.0   7     NaN
6    1.0   3     NaN
7    8.0   3     NaN
8    8.0   5     NaN
9    6.0   5     NaN
10   4.0   5     NaN
11   4.0   7     NaN
12  10.0  15     NaN
13  10.0  11     NaN
14  10.0   5     NaN

 Run OPP:

Bus - result
       vm_pu  va_degree       p_mw     q_mvar     lam_p         lam_q
0   1.030000   0.000000 -45.023015 -17.391614  1.000000  3.167333e-19
1   0.896730 -37.248944  19.839000   4.637136  1.007718  4.300152e-03
2   0.881508 -37.813708   0.000000   0.000000  1.034546  1.351099e-02
3   0.857346 -38.717162   0.501700   0.208882  1.078888  2.826916e-02
4   0.855276 -38.812454   0.431650   0.108182  1.082886  2.942235e-02
5   0.854378 -38.859427   0.727500   0.182329  1.084668  2.987674e-02
6   0.854095 -38.856727   0.548050   0.137354  1.085233  3.011215e-02
7   0.854306 -38.840769   0.076500   0.047410  1.084810  3.003070e-02
8   0.856088 -38.717672   0.586850   0.147078  1.081375  2.922393e-02
9   0.855327 -38.757417   0.573750   0.355578  1.082611  2.972445e-02
10  0.854705 -38.817533   0.543300   0.161264  1.083882  2.988914e-02
11  0.854808 -38.823125   0.329800   0.082656  1.083733  2.976113e-02
12  0.898514 -37.447224  20.010000   4.693341  1.000004  1.537689e-03
13  0.876236 -38.074493   0.034000   0.021071  1.041361  1.644748e-02
14  0.862869 -38.471807   0.540050   0.257713  1.067486  2.528017e-02

Loads - result
        p_mw    q_mvar
0   14.99400  3.044662
1    0.27645  0.069285
2    0.43165  0.108182
3    0.72750  0.182329
4    0.54805  0.137354
5    0.58685  0.147078
6    0.47530  0.119121
7    0.32980  0.082656
8   14.99400  3.044662
9    0.20855  0.052268
10   4.84500  1.592474
11   0.22525  0.139597
12   0.07650  0.047410
13   0.57375  0.355578
14   0.06800  0.042143
15   5.01600  1.648679
16   0.03400  0.021071
17   0.33150  0.205445

Transformer - result
     p_hv_mw  q_hv_mvar    p_lv_mw  q_lv_mvar     pl_mw   ql_mvar   i_hv_ka  \
0  22.190595   8.833929 -22.148954  -5.710885  0.041641  3.123044  0.133880   
1  22.832420   8.557685 -22.789021  -5.302744  0.043399  3.254941  0.136678   

    i_lv_ka  vm_hv_pu  va_hv_degree  vm_lv_pu  va_lv_degree  loading_percent  
0  0.736339      1.03           0.0  0.896730    -37.248944       102.030109  
1  0.751727      1.03           0.0  0.898514    -37.447224       104.162378  

Switch - result
       i_ka  loading_percent
0  0.017537              NaN
1  0.017537              NaN
2  0.013401              NaN
3  0.013401              NaN
4  0.071001              NaN
5  0.071001              NaN
6  0.133880              NaN
7  0.136678              NaN

Line - result
    p_from_mw  q_from_mvar   p_to_mw  q_to_mvar     pl_mw   ql_mvar  \
0    2.309954     1.073749 -2.281247  -1.075076  0.028707 -0.001327   
1    2.281247     1.075076 -2.235430  -1.073080  0.045818  0.001996   
2    1.514004     0.563267 -1.511287  -0.567880  0.002717 -0.004614   
3    0.761018     0.229607 -0.760410  -0.236513  0.000608 -0.006905   
4    0.032910     0.054184 -0.032896  -0.075513  0.000014 -0.021328   
5   -0.591765    -0.106084  0.592794   0.084352  0.001029 -0.021732   
6    1.129546     0.344754 -1.128782  -0.348114  0.000764 -0.003360   
7    0.555032    -0.007464 -0.554626  -0.002649  0.000406 -0.010113   
8    0.011326    -0.158615 -0.011312   0.154054  0.000014 -0.004560   
9    0.219726     0.300931 -0.219406  -0.318600  0.000320 -0.017669   
10   2.779021     0.609403 -2.716487  -0.569412  0.062534  0.039991   
11   2.682487     0.548341 -2.645258  -0.524492  0.037229  0.023849   
12  -0.515154    -0.061842  0.515265   0.058673  0.000111 -0.003168   
13  -0.318488    -0.236710  0.318619   0.230091  0.000131 -0.006618   
14   2.105208     0.266779 -2.089784  -0.257584  0.015424  0.009195   

    i_from_ka   i_to_ka      i_ka  vm_from_pu  va_from_degree  vm_to_pu  \
0    0.082003  0.082586  0.082586    0.896730      -37.248944  0.881508   
1    0.082586  0.083492  0.083492    0.881508      -37.813708  0.857346   
2    0.054391  0.054492  0.054492    0.857346      -38.717162  0.855276   
3    0.026830  0.026907  0.026907    0.855276      -38.812454  0.854378   
4    0.002142  0.002784  0.002784    0.854378      -38.859427  0.854095   
5    0.020315  0.020191  0.020315    0.854306      -38.840769  0.856088   
6    0.039823  0.039867  0.039867    0.856088      -38.717672  0.855327   
7    0.018734  0.018733  0.018734    0.855327      -38.757417  0.854705   
8    0.005371  0.005217  0.005371    0.854705      -38.817533  0.854808   
9    0.012546  0.013044  0.013044    0.857346      -38.717162  0.856088   
10   0.091406  0.091439  0.091439    0.898514      -37.447224  0.876236   
11   0.090202  0.090221  0.090221    0.876236      -38.074493  0.862869   
12   0.017537  0.017524  0.017537    0.854095      -38.856727  0.854306   
13   0.013401  0.013265  0.013401    0.854808      -38.823125  0.855276   
14   0.070994  0.071001  0.071001    0.862869      -38.471807  0.856088   

    va_to_degree  loading_percent  
0     -37.813708        56.955973  
1     -38.717162        57.580420  
2     -38.812454        37.580466  
3     -38.859427        18.556302  
4     -38.856727         1.919945  
5     -38.717672        14.010233  
6     -38.757417        27.494645  
7     -38.817533        12.920121  
8     -38.823125         3.704013  
9     -38.717672         8.996101  
10    -38.074493        46.892011  
11    -38.471807        46.266986  
12    -38.840769        12.094256  
13    -38.812454         9.242014  
14    -38.717672        36.410957  