      name  vn_kv type      zone  in_service
0    Bus 0  110.0    b  CIGRE_MV        True
1    Bus 1   20.0    b  CIGRE_MV        True
2    Bus 2   20.0    b  CIGRE_MV        True
3    Bus 3   20.0    b  CIGRE_MV        True
4    Bus 4   20.0    b  CIGRE_MV        True
5    Bus 5   20.0    b  CIGRE_MV        True
6    Bus 6   20.0    b  CIGRE_MV        True
7    Bus 7   20.0    b  CIGRE_MV        True
8    Bus 8   20.0    b  CIGRE_MV        True
9    Bus 9   20.0    b  CIGRE_MV        True
10  Bus 10   20.0    b  CIGRE_MV        True
11  Bus 11   20.0    b  CIGRE_MV        True
12  Bus 12   20.0    b  CIGRE_MV        True
13  Bus 13   20.0    b  CIGRE_MV        True
14  Bus 14   20.0    b  CIGRE_MV        True

 Switch - Status
   bus  element et type  closed  name  z_ohm  in_ka
0    6       12  l  LBS    True  None    0.0    NaN
1    7       12  l  LBS    True    S2    0.0    NaN
2    4       13  l  LBS    True    S3    0.0    NaN
3   11       13  l  LBS    True  None    0.0    NaN
4    8       14  l  LBS    True    S1    0.0    NaN
5   14       14  l  LBS    True  None    0.0    NaN
6    0        0  t   CB    True    F1    0.0    NaN
7    0        1  t   CB    True    F2    0.0    NaN

Bus_geodata
       x   y  coords
0    7.0  16     NaN
1    4.0  15     NaN
2    4.0  13     NaN
3    4.0  11     NaN
4    2.5   9     NaN
5    1.0   7     NaN
6    1.0   3     NaN
7    8.0   3     NaN
8    8.0   5     NaN
9    6.0   5     NaN
10   4.0   5     NaN
11   4.0   7     NaN
12  10.0  15     NaN
13  10.0  11     NaN
14  10.0   5     NaN

 Run OPP:

Bus - result
       vm_pu  va_degree      p_mw     q_mvar     lam_p         lam_q
0   1.030000   0.000000 -44.96592 -16.075922  1.000000  3.248120e-19
1   0.995820 -35.925897  19.83900   4.637136  1.006076  2.967239e-03
2   0.982412 -36.389351   0.00000   0.000000  1.027286  9.791599e-03
3   0.960993 -37.119796   0.50170   0.208882  1.061959  2.095217e-02
4   0.959153 -37.196017   0.43165   0.108182  1.065059  2.182886e-02
5   0.958357 -37.233585   0.72750   0.182329  1.066439  2.217113e-02
6   0.958105 -37.231613   0.54805   0.137354  1.066878  2.234940e-02
7   0.958293 -37.218899   0.07650   0.047410  1.066552  2.228875e-02
8   0.959861 -37.120351   0.58685   0.147078  1.063900  2.170377e-02
9   0.959187 -37.152082   0.57375   0.355578  1.064855  2.208252e-02
10  0.958640 -37.200051   0.54330   0.161264  1.065833  2.219524e-02
11  0.958734 -37.204521   0.32980   0.082656  1.065716  2.209273e-02
12  0.997412 -36.085646  20.01000   4.693341  1.000006  9.299545e-04
13  0.977694 -36.599215   0.03400   0.021071  1.032672  1.214606e-02
14  0.965855 -36.921619   0.54005   0.257713  1.053111  1.878956e-02

Loads - result
        p_mw    q_mvar
0   14.99400  3.044662
1    0.27645  0.069285
2    0.43165  0.108182
3    0.72750  0.182329
4    0.54805  0.137354
5    0.58685  0.147078
6    0.47530  0.119121
7    0.32980  0.082656
8   14.99400  3.044662
9    0.20855  0.052268
10   4.84500  1.592474
11   0.22525  0.139597
12   0.07650  0.047410
13   0.57375  0.355578
14   0.06800  0.042143
15   5.01600  1.648679
16   0.03400  0.021071
17   0.33150  0.205445

Transformer - result
    p_hv_mw  q_hv_mvar    p_lv_mw  q_lv_mvar     pl_mw   ql_mvar   i_hv_ka  \
0  22.17050   8.180774 -22.136810  -5.654060  0.033690  2.526713  0.120421   
1  22.79542   7.895148 -22.760313  -5.262072  0.035108  2.633076  0.122930   

    i_lv_ka  vm_hv_pu  va_hv_degree  vm_lv_pu  va_lv_degree  loading_percent  
0  0.662318      1.03           0.0  0.995820    -35.925897         91.77350  
1  0.676115      1.03           0.0  0.997412    -36.085646         93.68521  

Switch - result
       i_ka  loading_percent
0  0.015611              NaN
1  0.015611              NaN
2  0.012011              NaN
3  0.012011              NaN
4  0.063113              NaN
5  0.063113              NaN
6  0.120421              NaN
7  0.122930              NaN

Line - result
    p_from_mw  q_from_mvar   p_to_mw  q_to_mvar     pl_mw   ql_mvar  \
0    2.297810     1.016924 -2.275126  -1.036920  0.022684 -0.019996   
1    2.275126     1.036920 -2.238777  -1.064264  0.036350 -0.027343   
2    1.514929     0.554791 -1.512770  -0.562388  0.002158 -0.007597   
3    0.761396     0.223942 -0.760914  -0.233032  0.000482 -0.009090   
4    0.033414     0.050703 -0.033403  -0.077551  0.000011 -0.026847   
5   -0.591234    -0.103154  0.592049   0.075135  0.000814 -0.028018   
6    1.128168     0.337354 -1.127564  -0.342088  0.000604 -0.004734   
7    0.553814    -0.013491 -0.553492   0.000500  0.000322 -0.012991   
8    0.010192    -0.161764 -0.010181   0.156018  0.000011 -0.005745   
9    0.222148     0.300591 -0.221889  -0.323001  0.000259 -0.022411   
10   2.750313     0.568731 -2.700857  -0.539291  0.049455  0.029440   
11   2.666857     0.518219 -2.637414  -0.500672  0.029443  0.017547   
12  -0.514647    -0.059804  0.514734   0.055743  0.000088 -0.004061   
13  -0.319619    -0.238674  0.319724   0.230264  0.000105 -0.008410   
14   2.097364     0.242960 -2.085177  -0.236566  0.012187  0.006394   

    i_from_ka   i_to_ka      i_ka  vm_from_pu  va_from_degree  vm_to_pu  \
0    0.072842  0.073469  0.073469    0.995820      -35.925897  0.982412   
1    0.073469  0.074463  0.074463    0.982412      -36.389351  0.960993   
2    0.048463  0.048574  0.048574    0.960993      -37.119796  0.959153   
3    0.023886  0.023971  0.023971    0.959153      -37.196017  0.958357   
4    0.001829  0.002544  0.002544    0.958357      -37.233585  0.958105   
5    0.018079  0.017948  0.018079    0.958293      -37.218899  0.959861   
6    0.035414  0.035462  0.035462    0.959861      -37.120351  0.959187   
7    0.016672  0.016667  0.016672    0.959187      -37.152082  0.958640   
8    0.004881  0.004708  0.004881    0.958640      -37.200051  0.958734   
9    0.011228  0.011785  0.011785    0.960993      -37.119796  0.959861   
10   0.081285  0.081320  0.081320    0.997412      -36.085646  0.977694   
11   0.080215  0.080235  0.080235    0.977694      -36.599215  0.965855   
12   0.015611  0.015596  0.015611    0.958105      -37.231613  0.958293   
13   0.012011  0.011859  0.012011    0.958734      -37.204521  0.959153   
14   0.063105  0.063113  0.063113    0.965855      -36.921619  0.959861   

    va_to_degree  loading_percent  
0     -36.389351        50.668290  
1     -37.119796        51.354006  
2     -37.196017        33.499392  
3     -37.233585        16.531679  
4     -37.231613         1.754564  
5     -37.120351        12.468504  
6     -37.152082        24.456774  
7     -37.200051        11.498222  
8     -37.204521         3.366103  
9     -37.120351         8.127911  
10    -36.599215        41.702595  
11    -36.921619        41.146115  
12    -37.218899        10.765887  
13    -37.196017         8.283388  
14    -37.120351        32.365811  